시도,연령별,인구수,남자인구수,여자인구수
전국,계,51778544,25855919,25922625
전국,0세,345786,178138,167648
전국,1세,409814,209813,200001
전국,2세,442943,227063,215880
전국,3세,439700,225268,214432
전국,4세,440872,225898,214974
전국,5세,489401,251163,238238
전국,6세,476061,244330,231731
전국,7세,473580,244138,229442
전국,8세,448183,230769,217414
전국,9세,468858,241269,227589
전국,10세,496041,255068,240973
전국,11세,449954,232656,217298
전국,12세,436496,226040,210456
전국,13세,474366,245931,228435
전국,14세,493910,256513,237397
전국,15세,495262,258638,236624
전국,16세,559804,291386,268418
전국,17세,639416,334156,305260
전국,18세,619744,323172,296572
전국,19세,639432,334131,305301
전국,20세,670955,347695,323260
전국,21세,685001,360143,324858
전국,22세,707489,374524,332965
전국,23세,713246,380055,333191
전국,24세,709736,378064,331672
전국,25세,724578,382578,342000
전국,26세,702166,368226,333940
전국,27세,640303,340219,300084
전국,28세,631234,328932,302302
전국,29세,626259,327523,298736
전국,30세,618127,316797,301330
전국,31세,628300,326287,302013
전국,32세,653497,336269,317228
전국,33세,662636,339803,322833
전국,34세,749385,383180,366205
전국,35세,823495,419870,403625
전국,36세,841840,430341,411499
전국,37세,838693,427826,410867
전국,38세,829177,418535,410642
전국,39세,723499,373960,349539
전국,40세,780568,392521,388047
전국,41세,763958,390933,373025
전국,42세,791817,399584,392233
전국,43세,859972,439645,420327
전국,44세,895428,450301,445127
전국,45세,896361,459783,436578
전국,46세,944179,482465,461714
전국,47세,919109,468276,450833
전국,48세,924665,467181,457484
전국,49세,926695,466163,460532
전국,50세,861873,427043,434830
전국,51세,815855,426660,389195
전국,52세,850770,427787,422983
전국,53세,832633,422788,409845
전국,54세,792265,404923,387342
전국,55세,879476,448711,430765
전국,56세,912277,455878,456399
전국,57세,920380,456944,463436
전국,58세,849219,421775,427444
전국,59세,775456,388888,386568
전국,60세,767925,383917,384008
전국,61세,692708,343176,349532
전국,62세,716331,347792,368539
전국,63세,608431,301064,307367
전국,64세,524848,254429,270419
전국,65세,578745,280537,298208
전국,66세,421321,203254,218067
전국,67세,448083,215378,232705
전국,68세,451830,215855,235975
전국,69세,447042,213195,233847
전국,70세,449247,210287,238960
전국,71세,356256,167142,189114
전국,72세,316490,145587,170903
전국,73세,335832,149900,185932
전국,74세,335307,147140,188167
전국,75세,408443,178012,230431
전국,76세,332373,141520,190853
전국,77세,290050,120099,169951
전국,78세,294405,119457,174948
전국,79세,260703,103034,157669
전국,80세,236440,90766,145674
전국,81세,216390,80144,136246
전국,82세,200619,71099,129520
전국,83세,172333,58665,113668
전국,84세,142364,46234,96130
전국,85세,126316,38862,87454
전국,86세,99951,28702,71249
전국,87세,87556,22964,64592
전국,88세,75834,20374,55460
전국,89세,61796,15229,46567
전국,90세,49612,11641,37971
전국,91세,34909,7912,26997
전국,92세,28262,6007,22255
전국,93세,20684,4909,15775
전국,94세,19769,4404,15365
전국,95세,14616,3183,11433
전국,96세,9619,2027,7592
전국,97세,6922,1528,5394
전국,98세,4832,1161,3671
전국,99세,3305,693,2612
전국,100세 이상,17850,4024,13826
서울특별시,계,9857426,4830206,5027220
서울특별시,0세,61253,31356,29897
서울특별시,1세,70532,36178,34354
서울특별시,2세,74322,38088,36234
서울특별시,3세,72482,36984,35498
서울특별시,4세,71688,36770,34918
서울특별시,5세,78941,40488,38453
서울특별시,6세,75386,38575,36811
서울특별시,7세,75929,38994,36935
서울특별시,8세,71772,36686,35086
서울특별시,9세,76157,39234,36923
서울특별시,10세,80577,41364,39213
서울특별시,11세,74502,38430,36072
서울특별시,12세,72380,37424,34956
서울특별시,13세,80264,41325,38939
서울특별시,14세,83081,42881,40200
서울특별시,15세,83791,43308,40483
서울특별시,16세,93326,48316,45010
서울특별시,17세,108584,56348,52236
서울특별시,18세,105344,54488,50856
서울특별시,19세,112807,57713,55094
서울특별시,20세,120957,60406,60551
서울특별시,21세,125632,62388,63244
서울특별시,22세,134735,67195,67540
서울특별시,23세,143930,71940,71990
서울특별시,24세,149420,74443,74977
서울특별시,25세,159845,79142,80703
서울특별시,26세,161550,79713,81837
서울특별시,27세,150999,75869,75130
서울특별시,28세,149562,74012,75550
서울특별시,29세,150485,74911,75574
서울특별시,30세,146573,71874,74699
서울특별시,31세,148015,74143,73872
서울특별시,32세,150838,75230,75608
서울특별시,33세,149335,74727,74608
서울특별시,34세,163855,82675,81180
서울특별시,35세,173092,86649,86443
서울특별시,36세,173138,87562,85576
서울특별시,37세,169187,85159,84028
서울특별시,38세,165335,81861,83474
서울특별시,39세,139821,70987,68834
서울특별시,40세,150481,73834,76647
서울특별시,41세,147416,73874,73542
서울특별시,42세,150031,74192,75839
서울특별시,43세,162292,81605,80687
서울특별시,44세,168414,82701,85713
서울특별시,45세,171738,85912,85826
서울특별시,46세,181275,90679,90596
서울특별시,47세,175113,86911,88202
서울특별시,48세,172711,85668,87043
서울특별시,49세,168518,82933,85585
서울특별시,50세,157576,75926,81650
서울특별시,51세,144996,74312,70684
서울특별시,52세,154444,75583,78861
서울특별시,53세,153733,75778,77955
서울특별시,54세,146916,72848,74068
서울특별시,55세,158349,78467,79882
서울특별시,56세,163134,78757,84377
서울특별시,57세,168880,80515,88365
서울특별시,58세,158018,75936,82082
서울특별시,59세,147497,71194,76303
서울특별시,60세,147029,70702,76327
서울특별시,61세,133804,63641,70163
서울특별시,62세,141178,66221,74957
서울특별시,63세,119297,57102,62195
서울특별시,64세,105263,49701,55562
서울특별시,65세,114400,54264,60136
서울특별시,66세,80233,37905,42328
서울특별시,67세,89224,42250,46974
서울특별시,68세,89871,41971,47900
서울특별시,69세,88753,41661,47092
서울특별시,70세,90591,41829,48762
서울특별시,71세,73185,33723,39462
서울특별시,72세,64285,29919,34366
서울특별시,73세,64933,30118,34815
서울특별시,74세,63515,29182,34333
서울특별시,75세,74898,34923,39975
서울특별시,76세,60021,27491,32530
서울특별시,77세,50860,22709,28151
서울특별시,78세,49861,21916,27945
서울특별시,79세,43160,18539,24621
서울특별시,80세,38593,15936,22657
서울특별시,81세,34377,13872,20505
서울특별시,82세,31713,12262,19451
서울특별시,83세,26206,9641,16565
서울특별시,84세,21753,7759,13994
서울특별시,85세,19206,6491,12715
서울특별시,86세,15377,4855,10522
서울특별시,87세,13515,3996,9519
서울특별시,88세,12208,3620,8588
서울특별시,89세,10165,2733,7432
서울특별시,90세,8200,2104,6096
서울특별시,91세,5892,1424,4468
서울특별시,92세,4695,1062,3633
서울특별시,93세,3589,947,2642
서울특별시,94세,3501,932,2569
서울특별시,95세,2569,643,1926
서울특별시,96세,1851,483,1368
서울특별시,97세,1436,405,1031
서울특별시,98세,1010,288,722
서울특별시,99세,736,197,539
서울특별시,100세 이상,5519,1328,4191
부산광역시,계,3470653,1709508,1761145
부산광역시,0세,20494,10576,9918
부산광역시,1세,24546,12528,12018
부산광역시,2세,26663,13662,13001
부산광역시,3세,26164,13590,12574
부산광역시,4세,25913,13312,12601
부산광역시,5세,28685,14838,13847
부산광역시,6세,27748,14106,13642
부산광역시,7세,27241,13955,13286
부산광역시,8세,25022,12918,12104
부산광역시,9세,26256,13439,12817
부산광역시,10세,27829,14343,13486
부산광역시,11세,25013,12914,12099
부산광역시,12세,24646,12783,11863
부산광역시,13세,27049,13901,13148
부산광역시,14세,28719,15064,13655
부산광역시,15세,28824,14986,13838
부산광역시,16세,33157,17271,15886
부산광역시,17세,37918,19941,17977
부산광역시,18세,37434,19772,17662
부산광역시,19세,39455,20801,18654
부산광역시,20세,41907,21677,20230
부산광역시,21세,44966,23655,21311
부산광역시,22세,46950,24860,22090
부산광역시,23세,48615,25850,22765
부산광역시,24세,48657,26128,22529
부산광역시,25세,49413,26244,23169
부산광역시,26세,47343,24991,22352
부산광역시,27세,41735,22131,19604
부산광역시,28세,41886,21577,20309
부산광역시,29세,40319,20881,19438
부산광역시,30세,39039,19732,19307
부산광역시,31세,39207,20441,18766
부산광역시,32세,40312,20729,19583
부산광역시,33세,41524,21228,20296
부산광역시,34세,47131,23914,23217
부산광역시,35세,51805,26468,25337
부산광역시,36세,54551,27779,26772
부산광역시,37세,54669,27905,26764
부산광역시,38세,53544,26983,26561
부산광역시,39세,45842,23879,21963
부산광역시,40세,48261,24351,23910
부산광역시,41세,46132,23560,22572
부산광역시,42세,49327,24762,24565
부산광역시,43세,53224,26937,26287
부산광역시,44세,55663,27712,27951
부산광역시,45세,56281,28503,27778
부산광역시,46세,58769,29201,29568
부산광역시,47세,58427,29051,29376
부산광역시,48세,59136,29107,30029
부산광역시,49세,59832,29300,30532
부산광역시,50세,57500,27350,30150
부산광역시,51세,53538,27181,26357
부산광역시,52세,55908,26842,29066
부산광역시,53세,55151,26944,28207
부산광역시,54세,54854,26917,27937
부산광역시,55세,62869,30643,32226
부산광역시,56세,66668,31613,35055
부산광역시,57세,68830,32873,35957
부산광역시,58세,64035,30512,33523
부산광역시,59세,60191,29216,30975
부산광역시,60세,61251,29605,31646
부산광역시,61세,56284,27115,29169
부산광역시,62세,60042,28003,32039
부산광역시,63세,50329,25118,25211
부산광역시,64세,44433,20933,23500
부산광역시,65세,47883,22779,25104
부산광역시,66세,38445,18243,20202
부산광역시,67세,37723,18024,19699
부산광역시,68세,38417,17977,20440
부산광역시,69세,37810,17769,20041
부산광역시,70세,36283,16819,19464
부산광역시,71세,28573,13461,15112
부산광역시,72세,24263,11359,12904
부산광역시,73세,27296,12427,14869
부산광역시,74세,27136,12352,14784
부산광역시,75세,30171,13491,16680
부산광역시,76세,25039,10832,14207
부산광역시,77세,22085,9310,12775
부산광역시,78세,21200,8694,12506
부산광역시,79세,17857,7195,10662
부산광역시,80세,16261,6353,9908
부산광역시,81세,14419,5463,8956
부산광역시,82세,13027,4611,8416
부산광역시,83세,11098,3773,7325
부산광역시,84세,8932,2917,6015
부산광역시,85세,8020,2428,5592
부산광역시,86세,6467,1881,4586
부산광역시,87세,5232,1341,3891
부산광역시,88세,4720,1235,3485
부산광역시,89세,3977,900,3077
부산광역시,90세,3250,678,2572
부산광역시,91세,2083,458,1625
부산광역시,92세,1736,341,1395
부산광역시,93세,1226,264,962
부산광역시,94세,1072,229,843
부산광역시,95세,819,182,637
부산광역시,96세,527,96,431
부산광역시,97세,389,82,307
부산광역시,98세,280,73,207
부산광역시,99세,197,43,154
부산광역시,100세 이상,1614,327,1287
대구광역시,계,2475231,1227814,1247417
대구광역시,0세,15444,8004,7440
대구광역시,1세,18625,9491,9134
대구광역시,2세,19884,10194,9690
대구광역시,3세,19906,10145,9761
대구광역시,4세,19915,10115,9800
대구광역시,5세,22224,11394,10830
대구광역시,6세,21713,11113,10600
대구광역시,7세,21577,11182,10395
대구광역시,8세,20326,10524,9802
대구광역시,9세,21429,11101,10328
대구광역시,10세,23134,11846,11288
대구광역시,11세,21039,10956,10083
대구광역시,12세,21101,11127,9974
대구광역시,13세,22876,11997,10879
대구광역시,14세,24824,13075,11749
대구광역시,15세,24314,12992,11322
대구광역시,16세,28237,14922,13315
대구광역시,17세,32571,17227,15344
대구광역시,18세,31696,16796,14900
대구광역시,19세,31964,17124,14840
대구광역시,20세,34405,18208,16197
대구광역시,21세,35305,18876,16429
대구광역시,22세,36578,19643,16935
대구광역시,23세,35928,19687,16241
대구광역시,24세,35041,19365,15676
대구광역시,25세,35113,19274,15839
대구광역시,26세,33380,18287,15093
대구광역시,27세,29798,16530,13268
대구광역시,28세,29349,15914,13435
대구광역시,29세,27315,15019,12296
대구광역시,30세,27069,14352,12717
대구광역시,31세,27200,14649,12551
대구광역시,32세,28066,14721,13345
대구광역시,33세,28017,14515,13502
대구광역시,34세,32586,16485,16101
대구광역시,35세,36197,18015,18182
대구광역시,36세,37381,18602,18779
대구광역시,37세,37416,18698,18718
대구광역시,38세,37667,18477,19190
대구광역시,39세,32416,16529,15887
대구광역시,40세,36024,17759,18265
대구광역시,41세,35868,17995,17873
대구광역시,42세,38000,18549,19451
대구광역시,43세,40764,20287,20477
대구광역시,44세,42879,20781,22098
대구광역시,45세,44009,21731,22278
대구광역시,46세,45768,22575,23193
대구광역시,47세,45052,22202,22850
대구광역시,48세,45731,22202,23529
대구광역시,49세,47051,23349,23702
대구광역시,50세,44625,21427,23198
대구광역시,51세,40923,20936,19987
대구광역시,52세,42880,20705,22175
대구광역시,53세,42008,20717,21291
대구광역시,54세,39675,19724,19951
대구광역시,55세,44571,22074,22497
대구광역시,56세,46240,22667,23573
대구광역시,57세,44122,21477,22645
대구광역시,58세,43473,20923,22550
대구광역시,59세,36160,18015,18145
대구광역시,60세,37657,18596,19061
대구광역시,61세,34425,16868,17557
대구광역시,62세,34796,16278,18518
대구광역시,63세,28909,14214,14695
대구광역시,64세,27136,12691,14445
대구광역시,65세,29465,13720,15745
대구광역시,66세,22441,10545,11896
대구광역시,67세,22198,10528,11670
대구광역시,68세,23041,10744,12297
대구광역시,69세,22850,10492,12358
대구광역시,70세,21255,9592,11663
대구광역시,71세,15261,7011,8250
대구광역시,72세,13751,6072,7679
대구광역시,73세,16248,7011,9237
대구광역시,74세,16818,7184,9634
대구광역시,75세,19094,8283,10811
대구광역시,76세,15604,6464,9140
대구광역시,77세,13599,5456,8143
대구광역시,78세,13867,5550,8317
대구광역시,79세,11797,4600,7197
대구광역시,80세,10769,4070,6699
대구광역시,81세,9688,3578,6110
대구광역시,82세,8984,3206,5778
대구광역시,83세,7841,2754,5087
대구광역시,84세,6217,2037,4180
대구광역시,85세,5642,1784,3858
대구광역시,86세,4405,1256,3149
대구광역시,87세,3530,880,2650
대구광역시,88세,2905,776,2129
대구광역시,89세,2476,600,1876
대구광역시,90세,1971,483,1488
대구광역시,91세,1330,286,1044
대구광역시,92세,1135,248,887
대구광역시,93세,745,160,585
대구광역시,94세,614,134,480
대구광역시,95세,469,93,376
대구광역시,96세,340,64,276
대구광역시,97세,224,48,176
대구광역시,98세,174,32,142
대구광역시,99세,96,23,73
대구광역시,100세 이상,615,137,478
인천광역시,계,2948542,1479597,1468945
인천광역시,0세,19907,10297,9610
인천광역시,1세,23915,12137,11778
인천광역시,2세,26124,13393,12731
인천광역시,3세,25940,13303,12637
인천광역시,4세,25988,13256,12732
인천광역시,5세,28679,14699,13980
인천광역시,6세,28145,14548,13597
인천광역시,7세,27732,14243,13489
인천광역시,8세,26308,13540,12768
인천광역시,9세,27187,13805,13382
인천광역시,10세,28953,14824,14129
인천광역시,11세,25780,13350,12430
인천광역시,12세,25055,12870,12185
인천광역시,13세,26866,13817,13049
인천광역시,14세,28387,14539,13848
인천광역시,15세,27955,14504,13451
인천광역시,16세,31692,16350,15342
인천광역시,17세,35859,18490,17369
인천광역시,18세,35119,18313,16806
인천광역시,19세,35897,18746,17151
인천광역시,20세,38515,19800,18715
인천광역시,21세,39744,20804,18940
인천광역시,22세,41413,21753,19660
인천광역시,23세,42650,22584,20066
인천광역시,24세,43502,22832,20670
인천광역시,25세,44791,23138,21653
인천광역시,26세,43628,22745,20883
인천광역시,27세,39622,20958,18664
인천광역시,28세,38327,19797,18530
인천광역시,29세,37619,19534,18085
인천광역시,30세,36625,18715,17910
인천광역시,31세,37121,19303,17818
인천광역시,32세,38797,20106,18691
인천광역시,33세,39289,20212,19077
인천광역시,34세,44606,22848,21758
인천광역시,35세,49267,25256,24011
인천광역시,36세,50876,26242,24634
인천광역시,37세,50171,25845,24326
인천광역시,38세,49715,25550,24165
인천광역시,39세,43198,22287,20911
인천광역시,40세,46037,23520,22517
인천광역시,41세,44116,22868,21248
인천광역시,42세,46656,23906,22750
인천광역시,43세,49695,25690,24005
인천광역시,44세,52167,26149,26018
인천광역시,45세,52435,26860,25575
인천광역시,46세,54396,27590,26806
인천광역시,47세,53235,27005,26230
인천광역시,48세,53663,26645,27018
인천광역시,49세,54184,26705,27479
인천광역시,50세,50406,24628,25778
인천광역시,51세,48254,24505,23749
인천광역시,52세,51773,25925,25848
인천광역시,53세,51260,25650,25610
인천광역시,54세,48538,24730,23808
인천광역시,55세,53694,27215,26479
인천광역시,56세,54359,27647,26712
인천광역시,57세,54290,27460,26830
인천광역시,58세,49157,24874,24283
인천광역시,59세,45370,23040,22330
인천광역시,60세,43326,21854,21472
인천광역시,61세,37925,19083,18842
인천광역시,62세,38631,19065,19566
인천광역시,63세,31994,15894,16100
인천광역시,64세,26993,13331,13662
인천광역시,65세,29615,14766,14849
인천광역시,66세,19284,9442,9842
인천광역시,67세,21789,10847,10942
인천광역시,68세,22291,10788,11503
인천광역시,69세,21724,10593,11131
인천광역시,70세,22133,10398,11735
인천광역시,71세,17931,8415,9516
인천광역시,72세,15286,7144,8142
인천광역시,73세,15489,7048,8441
인천광역시,74세,15495,6964,8531
인천광역시,75세,18393,7993,10400
인천광역시,76세,14851,6285,8566
인천광역시,77세,12606,5180,7426
인천광역시,78세,12937,5184,7753
인천광역시,79세,11648,4551,7097
인천광역시,80세,10157,3843,6314
인천광역시,81세,9663,3431,6232
인천광역시,82세,8938,3192,5746
인천광역시,83세,7525,2503,5022
인천광역시,84세,6421,2008,4413
인천광역시,85세,5632,1611,4021
인천광역시,86세,4535,1252,3283
인천광역시,87세,4073,1038,3035
인천광역시,88세,3581,914,2667
인천광역시,89세,2904,723,2181
인천광역시,90세,2337,530,1807
인천광역시,91세,1689,359,1330
인천광역시,92세,1397,275,1122
인천광역시,93세,1088,239,849
인천광역시,94세,928,257,671
인천광역시,95세,659,157,502
인천광역시,96세,497,110,387
인천광역시,97세,337,93,244
인천광역시,98세,235,69,166
인천광역시,99세,165,31,134
인천광역시,100세 이상,791,192,599
광주광역시,계,1463770,725295,738475
광주광역시,0세,9793,5074,4719
광주광역시,1세,11824,6023,5801
광주광역시,2세,12910,6637,6273
광주광역시,3세,13298,6836,6462
광주광역시,4세,13448,6887,6561
광주광역시,5세,15210,7930,7280
광주광역시,6세,14924,7707,7217
광주광역시,7세,15110,7789,7321
광주광역시,8세,14421,7450,6971
광주광역시,9세,14935,7648,7287
광주광역시,10세,16231,8469,7762
광주광역시,11세,14732,7645,7087
광주광역시,12세,14382,7469,6913
광주광역시,13세,15673,8144,7529
광주광역시,14세,17044,8948,8096
광주광역시,15세,16897,8772,8125
광주광역시,16세,19326,10024,9302
광주광역시,17세,22259,11603,10656
광주광역시,18세,21435,11062,10373
광주광역시,19세,21828,11400,10428
광주광역시,20세,22781,11863,10918
광주광역시,21세,22677,11960,10717
광주광역시,22세,23374,12127,11247
광주광역시,23세,22255,11923,10332
광주광역시,24세,21297,11344,9953
광주광역시,25세,21213,11179,10034
광주광역시,26세,19492,10141,9351
광주광역시,27세,17254,9107,8147
광주광역시,28세,16831,8592,8239
광주광역시,29세,16436,8453,7983
광주광역시,30세,16450,8312,8138
광주광역시,31세,16736,8492,8244
광주광역시,32세,17535,8974,8561
광주광역시,33세,18389,9385,9004
광주광역시,34세,21093,10793,10300
광주광역시,35세,23489,11844,11645
광주광역시,36세,23425,11686,11739
광주광역시,37세,23437,11652,11785
광주광역시,38세,23973,11723,12250
광주광역시,39세,20995,10581,10414
광주광역시,40세,23042,11366,11676
광주광역시,41세,22983,11519,11464
광주광역시,42세,22842,11367,11475
광주광역시,43세,25805,12905,12900
광주광역시,44세,26072,12838,13234
광주광역시,45세,26234,12979,13255
광주광역시,46세,27250,13518,13732
광주광역시,47세,26742,13313,13429
광주광역시,48세,25453,12687,12766
광주광역시,49세,26781,13211,13570
광주광역시,50세,24386,12017,12369
광주광역시,51세,23592,12006,11586
광주광역시,52세,23583,11599,11984
광주광역시,53세,22087,11073,11014
광주광역시,54세,22145,11054,11091
광주광역시,55세,22128,11079,11049
광주광역시,56세,22465,11015,11450
광주광역시,57세,24267,11796,12471
광주광역시,58세,21870,10559,11311
광주광역시,59세,19412,9371,10041
광주광역시,60세,19177,9347,9830
광주광역시,61세,16177,7961,8216
광주광역시,62세,17155,8200,8955
광주광역시,63세,14231,6860,7371
광주광역시,64세,12217,5740,6477
광주광역시,65세,13742,6467,7275
광주광역시,66세,11134,5226,5908
광주광역시,67세,11592,5463,6129
광주광역시,68세,12121,5589,6532
광주광역시,69세,11129,5202,5927
광주광역시,70세,11776,5316,6460
광주광역시,71세,9351,4379,4972
광주광역시,72세,8278,3776,4502
광주광역시,73세,8254,3704,4550
광주광역시,74세,7598,3366,4232
광주광역시,75세,10551,4719,5832
광주광역시,76세,8238,3451,4787
광주광역시,77세,6858,2767,4091
광주광역시,78세,6754,2763,3991
광주광역시,79세,6086,2435,3651
광주광역시,80세,5536,2113,3423
광주광역시,81세,4704,1705,2999
광주광역시,82세,4578,1617,2961
광주광역시,83세,4057,1415,2642
광주광역시,84세,3223,1005,2218
광주광역시,85세,2797,836,1961
광주광역시,86세,2270,636,1634
광주광역시,87세,2157,529,1628
광주광역시,88세,1869,512,1357
광주광역시,89세,1365,336,1029
광주광역시,90세,1152,263,889
광주광역시,91세,818,177,641
광주광역시,92세,661,125,536
광주광역시,93세,435,96,339
광주광역시,94세,502,100,402
광주광역시,95세,342,60,282
광주광역시,96세,238,26,212
광주광역시,97세,158,26,132
광주광역시,98세,116,21,95
광주광역시,99세,77,8,69
광주광역시,100세 이상,345,38,307
대전광역시,계,1502227,750969,751258
대전광역시,0세,10424,5370,5054
대전광역시,1세,12438,6409,6029
대전광역시,2세,13507,6987,6520
대전광역시,3세,13335,6921,6414
대전광역시,4세,13497,6890,6607
대전광역시,5세,14812,7611,7201
대전광역시,6세,14634,7555,7079
대전광역시,7세,14378,7409,6969
대전광역시,8세,13697,7047,6650
대전광역시,9세,14496,7471,7025
대전광역시,10세,15502,7941,7561
대전광역시,11세,14111,7318,6793
대전광역시,12세,13769,7163,6606
대전광역시,13세,15212,7914,7298
대전광역시,14세,15783,8126,7657
대전광역시,15세,15771,8262,7509
대전광역시,16세,17724,9280,8444
대전광역시,17세,20117,10461,9656
대전광역시,18세,19645,10302,9343
대전광역시,19세,20371,10566,9805
대전광역시,20세,21679,10952,10727
대전광역시,21세,22095,11368,10727
대전광역시,22세,22912,12093,10819
대전광역시,23세,22769,12139,10630
대전광역시,24세,22159,11961,10198
대전광역시,25세,22561,11944,10617
대전광역시,26세,21627,11376,10251
대전광역시,27세,19887,10816,9071
대전광역시,28세,19232,10342,8890
대전광역시,29세,19052,10207,8845
대전광역시,30세,18675,9769,8906
대전광역시,31세,18914,9955,8959
대전광역시,32세,19367,10043,9324
대전광역시,33세,19255,9933,9322
대전광역시,34세,21739,11064,10675
대전광역시,35세,23814,12072,11742
대전광역시,36세,24348,12293,12055
대전광역시,37세,24105,12093,12012
대전광역시,38세,23668,11830,11838
대전광역시,39세,21399,10742,10657
대전광역시,40세,22837,11287,11550
대전광역시,41세,22786,11294,11492
대전광역시,42세,23252,11573,11679
대전광역시,43세,25342,12660,12682
대전광역시,44세,27014,13276,13738
대전광역시,45세,26421,13292,13129
대전광역시,46세,28048,14132,13916
대전광역시,47세,27114,13674,13440
대전광역시,48세,27922,13828,14094
대전광역시,49세,27969,13813,14156
대전광역시,50세,25197,12299,12898
대전광역시,51세,23035,11910,11125
대전광역시,52세,23964,11864,12100
대전광역시,53세,23769,11920,11849
대전광역시,54세,21392,10762,10630
대전광역시,55세,25144,12654,12490
대전광역시,56세,26308,13051,13257
대전광역시,57세,26000,12697,13303
대전광역시,58세,23574,11514,12060
대전광역시,59세,20914,10374,10540
대전광역시,60세,21363,10677,10686
대전광역시,61세,19508,9693,9815
대전광역시,62세,19489,9463,10026
대전광역시,63세,16949,8204,8745
대전광역시,64세,13769,6846,6923
대전광역시,65세,14784,7207,7577
대전광역시,66세,11026,5370,5656
대전광역시,67세,12072,5884,6188
대전광역시,68세,11642,5614,6028
대전광역시,69세,11442,5468,5974
대전광역시,70세,10781,5110,5671
대전광역시,71세,8598,4104,4494
대전광역시,72세,7888,3660,4228
대전광역시,73세,8320,3762,4558
대전광역시,74세,8117,3570,4547
대전광역시,75세,9997,4418,5579
대전광역시,76세,7958,3423,4535
대전광역시,77세,6350,2648,3702
대전광역시,78세,7015,2891,4124
대전광역시,79세,6220,2528,3692
대전광역시,80세,5578,2223,3355
대전광역시,81세,5112,1860,3252
대전광역시,82세,4616,1649,2967
대전광역시,83세,4061,1416,2645
대전광역시,84세,3482,1162,2320
대전광역시,85세,2988,944,2044
대전광역시,86세,2402,716,1686
대전광역시,87세,2086,581,1505
대전광역시,88세,1750,448,1302
대전광역시,89세,1527,399,1128
대전광역시,90세,1261,331,930
대전광역시,91세,770,192,578
대전광역시,92세,668,163,505
대전광역시,93세,491,109,382
대전광역시,94세,482,95,387
대전광역시,95세,309,68,241
대전광역시,96세,233,57,176
대전광역시,97세,147,29,118
대전광역시,98세,103,28,75
대전광역시,99세,77,11,66
대전광역시,100세 이상,314,79,235
울산광역시,계,1165132,599480,565652
울산광역시,0세,9047,4683,4364
울산광역시,1세,10758,5575,5183
울산광역시,2세,11527,5929,5598
울산광역시,3세,11460,5891,5569
울산광역시,4세,11265,5734,5531
울산광역시,5세,12398,6360,6038
울산광역시,6세,11857,6178,5679
울산광역시,7세,11670,6064,5606
울산광역시,8세,11066,5774,5292
울산광역시,9세,11393,5933,5460
울산광역시,10세,12027,6208,5819
울산광역시,11세,10622,5533,5089
울산광역시,12세,10351,5497,4854
울산광역시,13세,10966,5802,5164
울산광역시,14세,11625,6207,5418
울산광역시,15세,11468,6023,5445
울산광역시,16세,13471,7200,6271
울산광역시,17세,15529,8213,7316
울산광역시,18세,15357,8128,7229
울산광역시,19세,15478,8362,7116
울산광역시,20세,16343,8866,7477
울산광역시,21세,16580,9325,7255
울산광역시,22세,16926,9498,7428
울산광역시,23세,16491,9307,7184
울산광역시,24세,16162,9201,6961
울산광역시,25세,16122,9128,6994
울산광역시,26세,15905,8802,7103
울산광역시,27세,14201,8066,6135
울산광역시,28세,14313,7951,6362
울산광역시,29세,13923,7804,6119
울산광역시,30세,13675,7369,6306
울산광역시,31세,14041,7565,6476
울산광역시,32세,14683,7774,6909
울산광역시,33세,15268,8029,7239
울산광역시,34세,17386,8995,8391
울산광역시,35세,19465,10028,9437
울산광역시,36세,19909,10444,9465
울산광역시,37세,20145,10425,9720
울산광역시,38세,19533,10090,9443
울산광역시,39세,16960,9071,7889
울산광역시,40세,18137,9267,8870
울산광역시,41세,17222,8992,8230
울산광역시,42세,17868,8999,8869
울산광역시,43세,19283,9692,9591
울산광역시,44세,20231,10052,10179
울산광역시,45세,20446,10255,10191
울산광역시,46세,21828,10916,10912
울산광역시,47세,21627,10686,10941
울산광역시,48세,22168,11012,11156
울산광역시,49세,22885,11337,11548
울산광역시,50세,21814,10648,11166
울산광역시,51세,21102,11198,9904
울산광역시,52세,21870,11313,10557
울산광역시,53세,20598,10712,9886
울산광역시,54세,19334,10085,9249
울산광역시,55세,21487,11299,10188
울산광역시,56세,22316,11424,10892
울산광역시,57세,21549,10950,10599
울산광역시,58세,19681,10176,9505
울산광역시,59세,17891,9270,8621
울산광역시,60세,17104,8669,8435
울산광역시,61세,15370,7815,7555
울산광역시,62세,15415,7656,7759
울산광역시,63세,12627,6521,6106
울산광역시,64세,11280,5679,5601
울산광역시,65세,11403,5788,5615
울산광역시,66세,8799,4465,4334
울산광역시,67세,8637,4438,4199
울산광역시,68세,8184,4143,4041
울산광역시,69세,8165,4147,4018
울산광역시,70세,7490,3729,3761
울산광역시,71세,5520,2769,2751
울산광역시,72세,4710,2286,2424
울산광역시,73세,5259,2372,2887
울산광역시,74세,5300,2460,2840
울산광역시,75세,6056,2721,3335
울산광역시,76세,4494,1952,2542
울산광역시,77세,4102,1674,2428
울산광역시,78세,4037,1675,2362
울산광역시,79세,3476,1329,2147
울산광역시,80세,3085,1071,2014
울산광역시,81세,2783,908,1875
울산광역시,82세,2551,813,1738
울산광역시,83세,2302,737,1565
울산광역시,84세,1905,574,1331
울산광역시,85세,1651,465,1186
울산광역시,86세,1325,287,1038
울산광역시,87세,1060,259,801
울산광역시,88세,963,209,754
울산광역시,89세,805,152,653
울산광역시,90세,637,102,535
울산광역시,91세,444,62,382
울산광역시,92세,366,62,304
울산광역시,93세,281,40,241
울산광역시,94세,243,40,203
울산광역시,95세,174,24,150
울산광역시,96세,110,15,95
울산광역시,97세,80,14,66
울산광역시,98세,51,9,42
울산광역시,99세,32,6,26
울산광역시,100세 이상,153,28,125
세종특별자치시,계,280100,139734,140366
세종특별자치시,0세,3422,1712,1710
세종특별자치시,1세,3850,2014,1836
세종특별자치시,2세,4115,2135,1980
세종특별자치시,3세,3846,1980,1866
세종특별자치시,4세,3993,2018,1975
세종특별자치시,5세,4338,2191,2147
세종특별자치시,6세,4229,2177,2052
세종특별자치시,7세,4248,2174,2074
세종특별자치시,8세,4040,2061,1979
세종특별자치시,9세,4091,2039,2052
세종특별자치시,10세,3988,1966,2022
세종특별자치시,11세,3661,1858,1803
세종특별자치시,12세,3289,1642,1647
세종특별자치시,13세,3454,1717,1737
세종특별자치시,14세,3301,1655,1646
세종특별자치시,15세,2965,1509,1456
세종특별자치시,16세,2987,1511,1476
세종특별자치시,17세,3017,1584,1433
세종특별자치시,18세,2699,1328,1371
세종특별자치시,19세,2702,1394,1308
세종특별자치시,20세,2716,1438,1278
세종특별자치시,21세,2707,1442,1265
세종특별자치시,22세,2901,1557,1344
세종특별자치시,23세,3021,1570,1451
세종특별자치시,24세,2865,1510,1355
세종특별자치시,25세,3134,1546,1588
세종특별자치시,26세,3207,1571,1636
세종특별자치시,27세,3018,1446,1572
세종특별자치시,28세,3169,1470,1699
세종특별자치시,29세,3528,1766,1762
세종특별자치시,30세,3651,1668,1983
세종특별자치시,31세,3959,1925,2034
세종특별자치시,32세,4318,2115,2203
세종특별자치시,33세,4604,2240,2364
세종특별자치시,34세,5376,2587,2789
세종특별자치시,35세,6286,2994,3292
세종특별자치시,36세,6282,3053,3229
세종특별자치시,37세,6166,3028,3138
세종특별자치시,38세,6365,3096,3269
세종특별자치시,39세,5400,2675,2725
세종특별자치시,40세,5817,2901,2916
세종특별자치시,41세,5560,2800,2760
세종특별자치시,42세,5505,2770,2735
세종특별자치시,43세,5785,3019,2766
세종특별자치시,44세,5603,2973,2630
세종특별자치시,45세,5157,2826,2331
세종특별자치시,46세,5291,2878,2413
세종특별자치시,47세,4665,2594,2071
세종특별자치시,48세,4425,2392,2033
세종특별자치시,49세,4312,2285,2027
세종특별자치시,50세,3709,1898,1811
세종특별자치시,51세,3390,1803,1587
세종특별자치시,52세,3469,1804,1665
세종특별자치시,53세,3331,1758,1573
세종특별자치시,54세,3093,1616,1477
세종특별자치시,55세,3473,1825,1648
세종특별자치시,56세,3646,1847,1799
세종특별자치시,57세,3530,1809,1721
세종특별자치시,58세,3145,1575,1570
세종특별자치시,59세,2885,1459,1426
세종특별자치시,60세,2909,1462,1447
세종특별자치시,61세,2602,1333,1269
세종특별자치시,62세,2785,1378,1407
세종특별자치시,63세,2387,1189,1198
세종특별자치시,64세,1867,891,976
세종특별자치시,65세,2088,1004,1084
세종특별자치시,66세,1527,737,790
세종특별자치시,67세,1716,853,863
세종특별자치시,68세,1712,808,904
세종특별자치시,69세,1507,737,770
세종특별자치시,70세,1499,707,792
세종특별자치시,71세,1181,565,616
세종특별자치시,72세,1070,493,577
세종특별자치시,73세,1156,511,645
세종특별자치시,74세,1134,487,647
세종특별자치시,75세,1452,620,832
세종특별자치시,76세,1183,499,684
세종특별자치시,77세,1015,421,594
세종특별자치시,78세,1047,419,628
세종특별자치시,79세,973,382,591
세종특별자치시,80세,874,331,543
세종특별자치시,81세,854,317,537
세종특별자치시,82세,787,284,503
세종특별자치시,83세,712,251,461
세종특별자치시,84세,599,177,422
세종특별자치시,85세,538,152,386
세종특별자치시,86세,429,115,314
세종특별자치시,87세,377,106,271
세종특별자치시,88세,325,75,250
세종특별자치시,89세,273,65,208
세종특별자치시,90세,217,46,171
세종특별자치시,91세,149,41,108
세종특별자치시,92세,118,20,98
세종특별자치시,93세,84,15,69
세종특별자치시,94세,68,16,52
세종특별자치시,95세,57,12,45
세종특별자치시,96세,46,9,37
세종특별자치시,97세,13,2,11
세종특별자치시,98세,10,3,7
세종특별자치시,99세,12,1,11
세종특별자치시,100세 이상,49,6,43
경기도,계,12873895,6475323,6398572
경기도,0세,92366,47654,44712
경기도,1세,111697,57159,54538
경기도,2세,122017,62378,59639
경기도,3세,121953,62421,59532
경기도,4세,122070,62607,59463
경기도,5세,135985,69690,66295
경기도,6세,132522,67933,64589
경기도,7세,131877,67845,64032
경기도,8세,125113,64318,60795
경기도,9세,130900,67184,63716
경기도,10세,137072,70209,66863
경기도,11세,124686,64211,60475
경기도,12세,118632,60963,57669
경기도,13세,128844,66288,62556
경기도,14세,132595,68443,64152
경기도,15세,131359,68142,63217
경기도,16세,146849,75963,70886
경기도,17세,166841,86763,80078
경기도,18세,159741,82630,77111
경기도,19세,164017,85178,78839
경기도,20세,169334,87804,81530
경기도,21세,170717,89434,81283
경기도,22세,176835,93119,83716
경기도,23세,179062,94250,84812
경기도,24세,179031,93908,85123
경기도,25세,184250,96586,87664
경기도,26세,179455,93811,85644
경기도,27세,162869,86046,76823
경기도,28세,160248,83247,77001
경기도,29세,159723,83541,76182
경기도,30세,157194,80760,76434
경기도,31세,160011,82636,77375
경기도,32세,168696,86247,82449
경기도,33세,171165,87555,83610
경기도,34세,195428,99602,95826
경기도,35세,215990,110167,105823
경기도,36세,224594,114120,110474
경기도,37세,224461,113959,110502
경기도,38세,222969,111954,111015
경기도,39세,194481,99741,94740
경기도,40세,211406,105674,105732
경기도,41세,207291,105775,101516
경기도,42세,213832,107815,106017
경기도,43세,230642,117474,113168
경기도,44세,238546,119986,118560
경기도,45세,239627,122632,116995
경기도,46세,250401,127805,122596
경기도,47세,242032,123415,118617
경기도,48세,241733,121770,119963
경기도,49세,238450,119465,118985
경기도,50세,218651,108326,110325
경기도,51세,207444,108485,98959
경기도,52세,216017,109510,106507
경기도,53세,212026,108782,103244
경기도,54세,196300,101669,94631
경기도,55세,215359,111630,103729
경기도,56세,217964,110731,107233
경기도,57세,217415,110670,106745
경기도,58세,196184,99966,96218
경기도,59세,180396,92311,88085
경기도,60세,171545,87222,84323
경기도,61세,152573,76612,75961
경기도,62세,155208,76879,78329
경기도,63세,130556,65275,65281
경기도,64세,110813,54426,56387
경기도,65세,122889,60561,62328
경기도,66세,79803,38751,41052
경기도,67세,89498,42899,46599
경기도,68세,89684,43081,46603
경기도,69세,89808,42917,46891
경기도,70세,92178,43267,48911
경기도,71세,75163,35195,39968
경기도,72세,66568,30851,35717
경기도,73세,67406,30228,37178
경기도,74세,66541,29357,37184
경기도,75세,79071,34980,44091
경기도,76세,65354,28244,37110
경기도,77세,56875,24146,32729
경기도,78세,56859,23552,33307
경기도,79세,51299,20732,30567
경기도,80세,46421,18422,27999
경기도,81세,42418,16237,26181
경기도,82세,39286,14234,25052
경기도,83세,33260,11711,21549
경기도,84세,27481,9242,18239
경기도,85세,24374,7907,16467
경기도,86세,19206,5838,13368
경기도,87세,17055,4718,12337
경기도,88세,15065,4273,10792
경기도,89세,12133,3042,9091
경기도,90세,9682,2326,7356
경기도,91세,7114,1697,5417
경기도,92세,5691,1197,4494
경기도,93세,4268,1092,3176
경기도,94세,3927,1009,2918
경기도,95세,3009,748,2261
경기도,96세,1972,486,1486
경기도,97세,1437,357,1080
경기도,98세,999,268,731
경기도,99세,672,158,514
경기도,100세 이상,3369,829,2540
강원도,계,1550142,780635,769507
강원도,0세,8764,4534,4230
강원도,1세,10322,5313,5009
강원도,2세,11138,5639,5499
강원도,3세,11074,5660,5414
강원도,4세,11353,5796,5557
강원도,5세,12963,6559,6404
강원도,6세,12844,6645,6199
강원도,7세,12938,6668,6270
강원도,8세,12509,6412,6097
강원도,9세,12821,6609,6212
강원도,10세,14000,7309,6691
강원도,11세,12660,6568,6092
강원도,12세,12830,6682,6148
강원도,13세,13832,7221,6611
강원도,14세,14357,7439,6918
강원도,15세,15032,7858,7174
강원도,16세,16885,8900,7985
강원도,17세,19142,10139,9003
강원도,18세,18727,9745,8982
강원도,19세,19481,10331,9150
강원도,20세,20319,10547,9772
강원도,21세,20377,10936,9441
강원도,22세,20641,11511,9130
강원도,23세,20657,12081,8576
강원도,24세,20132,12092,8040
강원도,25세,19404,11393,8011
강원도,26세,17762,10060,7702
강원도,27세,15951,9097,6854
강원도,28세,15274,8426,6848
강원도,29세,15397,8405,6992
강원도,30세,14822,7894,6928
강원도,31세,14998,8114,6884
강원도,32세,15778,8453,7325
강원도,33세,15629,8242,7387
강원도,34세,18150,9492,8658
강원도,35세,20046,10226,9820
강원도,36세,20303,10372,9931
강원도,37세,20585,10489,10096
강원도,38세,20559,10375,10184
강원도,39세,19318,9921,9397
강원도,40세,20344,10306,10038
강원도,41세,20287,10367,9920
강원도,42세,21494,10966,10528
강원도,43세,23926,12272,11654
강원도,44세,25375,13195,12180
강원도,45세,24687,13120,11567
강원도,46세,26019,13532,12487
강원도,47세,25875,13583,12292
강원도,48세,26793,13967,12826
강원도,49세,27416,14291,13125
강원도,50세,25125,12883,12242
강원도,51세,25192,13363,11829
강원도,52세,24763,12562,12201
강원도,53세,25047,12978,12069
강원도,54세,24915,12876,12039
강원도,55세,28408,14598,13810
강원도,56세,30375,15206,15169
강원도,57세,30418,15051,15367
강원도,58세,29163,14516,14647
강원도,59세,27433,13762,13671
강원도,60세,27641,14092,13549
강원도,61세,24582,12441,12141
강원도,62세,24701,12357,12344
강원도,63세,22091,11137,10954
강원도,64세,18322,9063,9259
강원도,65세,22072,10819,11253
강원도,66세,12509,5922,6587
강원도,67세,13599,6380,7219
강원도,68세,13968,6722,7246
강원도,69세,14922,7025,7897
강원도,70세,15562,7366,8196
강원도,71세,13469,6377,7092
강원도,72세,13334,6097,7237
강원도,73세,13664,6024,7640
강원도,74세,13506,5962,7544
강원도,75세,15638,6752,8886
강원도,76세,13738,5855,7883
강원도,77세,12832,5324,7508
강원도,78세,12491,5072,7419
강원도,79세,11387,4636,6751
강원도,80세,9819,3932,5887
강원도,81세,9076,3523,5553
강원도,82세,8061,2870,5191
강원도,83세,6781,2182,4599
강원도,84세,5635,1791,3844
강원도,85세,4756,1382,3374
강원도,86세,4019,1159,2860
강원도,87세,3833,1012,2821
강원도,88세,3169,775,2394
강원도,89세,2713,655,2058
강원도,90세,2123,495,1628
강원도,91세,1573,356,1217
강원도,92세,1357,331,1026
강원도,93세,1031,302,729
강원도,94세,916,257,659
강원도,95세,617,169,448
강원도,96세,417,95,322
강원도,97세,303,71,232
강원도,98세,242,74,168
강원도,99세,147,34,113
강원도,100세 이상,697,200,497
충청북도,계,1594432,805091,789341
충청북도,0세,11022,5637,5385
충청북도,1세,12723,6549,6174
충청북도,2세,13471,6872,6599
충청북도,3세,13387,6719,6668
충청북도,4세,13606,6938,6668
충청북도,5세,15052,7649,7403
충청북도,6세,14770,7560,7210
충청북도,7세,14750,7622,7128
충청북도,8세,13950,7224,6726
충청북도,9세,14475,7500,6975
충청북도,10세,15388,7971,7417
충청북도,11세,13815,7074,6741
충청북도,12세,13537,7014,6523
충청북도,13세,14768,7771,6997
충청북도,14세,15126,7894,7232
충청북도,15세,15610,8231,7379
충청북도,16세,17657,9181,8476
충청북도,17세,19841,10398,9443
충청북도,18세,19625,10274,9351
충청북도,19세,20459,10664,9795
충청북도,20세,21250,10968,10282
충청북도,21세,21483,11568,9915
충청북도,22세,21689,11771,9918
충청북도,23세,21267,11871,9396
충청북도,24세,21088,11917,9171
충청북도,25세,20682,11665,9017
충청북도,26세,19490,10936,8554
충청북도,27세,17831,9922,7909
충청북도,28세,17493,9456,8037
충청북도,29세,17390,9330,8060
충청북도,30세,17461,9282,8179
충청북도,31세,17913,9656,8257
충청북도,32세,18397,9772,8625
충청북도,33세,19133,10128,9005
충청북도,34세,21003,10810,10193
충청북도,35세,23604,12170,11434
충청북도,36세,23230,12075,11155
충청북도,37세,23271,12034,11237
충청북도,38세,23145,11964,11181
충청북도,39세,20525,10885,9640
충청북도,40세,22324,11427,10897
충청북도,41세,22298,11613,10685
충청북도,42세,22983,11730,11253
충청북도,43세,25414,13150,12264
충청북도,44세,26583,13605,12978
충청북도,45세,25109,13218,11891
충청북도,46세,27039,14028,13011
충청북도,47세,26509,13924,12585
충청북도,48세,28823,14681,14142
충청북도,49세,28514,14401,14113
충청북도,50세,26657,13574,13083
충청북도,51세,25774,13690,12084
충청북도,52세,26605,13599,13006
충청북도,53세,25155,13062,12093
충청북도,54세,23056,12017,11039
충청북도,55세,28357,14836,13521
충청북도,56세,30680,15747,14933
충청북도,57세,28462,14291,14171
충청북도,58세,26863,13513,13350
충청북도,59세,25427,13064,12363
충청북도,60세,25729,13103,12626
충청북도,61세,23112,11752,11360
충청북도,62세,22802,11307,11495
충청북도,63세,20018,9947,10071
충청북도,64세,17328,8660,8668
충청북도,65세,19585,9739,9846
충청북도,66세,12941,6281,6660
충청북도,67세,13290,6437,6853
충청북도,68세,13625,6742,6883
충청북도,69세,13851,6789,7062
충청북도,70세,13890,6617,7273
충청북도,71세,10991,5209,5782
충청북도,72세,10758,4976,5782
충청북도,73세,11386,4982,6404
충청북도,74세,11566,4944,6622
충청북도,75세,14743,6307,8436
충청북도,76세,11865,4909,6956
충청북도,77세,10244,4248,5996
충청북도,78세,11247,4581,6666
충청북도,79세,9667,3717,5950
충청북도,80세,9104,3451,5653
충청북도,81세,8650,3129,5521
충청북도,82세,8113,2812,5301
충청북도,83세,6823,2288,4535
충청북도,84세,5799,1817,3982
충청북도,85세,4809,1426,3383
충청북도,86세,3625,984,2641
충청북도,87세,3313,839,2474
충청북도,88세,2829,693,2136
충청북도,89세,2247,564,1683
충청북도,90세,1868,440,1428
충청북도,91세,1258,312,946
충청북도,92세,1073,246,827
충청북도,93세,752,194,558
충청북도,94세,647,134,513
충청북도,95세,551,124,427
충청북도,96세,357,68,289
충청북도,97세,212,41,171
충청북도,98세,156,33,123
충청북도,99세,122,23,99
충청북도,100세 이상,477,134,343
충청남도,계,2116770,1076270,1040500
충청남도,0세,15253,7822,7431
충청남도,1세,17843,9024,8819
충청남도,2세,19327,9923,9404
충청남도,3세,19078,9689,9389
충청남도,4세,19431,9984,9447
충청남도,5세,21407,10964,10443
충청남도,6세,20925,10850,10075
충청남도,7세,20687,10731,9956
충청남도,8세,19601,10105,9496
충청남도,9세,20326,10445,9881
충청남도,10세,21362,11099,10263
충청남도,11세,19298,10041,9257
충청남도,12세,18522,9539,8983
충청남도,13세,19849,10235,9614
충청남도,14세,20180,10486,9694
충청남도,15세,20225,10687,9538
충청남도,16세,23100,11963,11137
충청남도,17세,25881,13472,12409
충청남도,18세,24650,12934,11716
충청남도,19세,25390,13369,12021
충청남도,20세,25912,13552,12360
충청남도,21세,26077,13963,12114
충청남도,22세,26092,14123,11969
충청남도,23세,25534,14130,11404
충청남도,24세,25201,13633,11568
충청남도,25세,25496,13942,11554
충청남도,26세,24215,13257,10958
충청남도,27세,23039,12758,10281
충청남도,28세,22956,12500,10456
충청남도,29세,23837,12987,10850
충청남도,30세,24342,13049,11293
충청남도,31세,24675,13352,11323
충청남도,32세,25487,13740,11747
충청남도,33세,25986,13872,12114
충청남도,34세,29923,15928,13995
충청남도,35세,33285,17697,15588
충청남도,36세,33687,18034,15653
충청남도,37세,33447,17763,15684
충청남도,38세,32418,17077,15341
충청남도,39세,29113,15920,13193
충청남도,40세,30887,16375,14512
충청남도,41세,30404,16083,14321
충청남도,42세,30841,16055,14786
충청남도,43세,33782,18012,15770
충청남도,44세,35250,18675,16575
충청남도,45세,33178,17940,15238
충청남도,46세,36556,19661,16895
충청남도,47세,34140,18372,15768
충청남도,48세,35729,18990,16739
충청남도,49세,35761,18897,16864
충청남도,50세,32872,17211,15661
충청남도,51세,30053,16316,13737
충청남도,52세,32654,17196,15458
충청남도,53세,32947,17415,15532
충청남도,54세,29279,15439,13840
충청남도,55세,34411,18282,16129
충청남도,56세,37297,19357,17940
충청남도,57세,37107,18955,18152
충청남도,58세,33297,16835,16462
충청남도,59세,30290,15336,14954
충청남도,60세,30080,15431,14649
충청남도,61세,27689,14001,13688
충청남도,62세,29691,14863,14828
충청남도,63세,25674,12633,13041
충청남도,64세,20898,10376,10522
충청남도,65세,23384,11366,12018
충청남도,66세,18734,9253,9481
충청남도,67세,20589,9919,10670
충청남도,68세,20446,10045,10401
충청남도,69세,19999,9717,10282
충청남도,70세,19734,9496,10238
충청남도,71세,15132,7413,7719
충청남도,72세,13598,6323,7275
충청남도,73세,15778,6914,8864
충청남도,74세,15485,6686,8799
충청남도,75세,20983,8785,12198
충청남도,76세,16467,6790,9677
충청남도,77세,13886,5670,8216
충청남도,78세,15956,6335,9621
충청남도,79세,14805,5789,9016
충청남도,80세,13640,5219,8421
충청남도,81세,13189,4974,8215
충청남도,82세,12416,4435,7981
충청남도,83세,10686,3831,6855
충청남도,84세,8888,3041,5847
충청남도,85세,8245,2691,5554
충청남도,86세,6030,1843,4187
충청남도,87세,5069,1463,3606
충청남도,88세,4413,1228,3185
충청남도,89세,3721,989,2732
충청남도,90세,2782,717,2065
충청남도,91세,2023,501,1522
충청남도,92세,1651,393,1258
충청남도,93세,1173,263,910
충청남도,94세,1087,227,860
충청남도,95세,849,160,689
충청남도,96세,550,121,429
충청남도,97세,358,74,284
충청남도,98세,274,54,220
충청남도,99세,172,35,137
충청남도,100세 이상,754,165,589
전라북도,계,1854607,922307,932300
전라북도,0세,11096,5664,5432
전라북도,1세,12857,6617,6240
전라북도,2세,14378,7357,7021
전라북도,3세,14545,7512,7033
전라북도,4세,14978,7712,7266
전라북도,5세,16692,8647,8045
전라북도,6세,16766,8556,8210
전라북도,7세,16795,8647,8148
전라북도,8세,15940,8198,7742
전라북도,9세,16770,8708,8062
전라북도,10세,17866,9201,8665
전라북도,11세,16234,8357,7877
전라북도,12세,16329,8579,7750
전라북도,13세,17553,9062,8491
전라북도,14세,18394,9460,8934
전라북도,15세,19110,10050,9060
전라북도,16세,21734,11161,10573
전라북도,17세,24445,12714,11731
전라북도,18세,23656,12278,11378
전라북도,19세,24635,12872,11763
전라북도,20세,24932,13042,11890
전라북도,21세,25582,13546,12036
전라북도,22세,25628,13854,11774
전라북도,23세,24538,13286,11252
전라북도,24세,22912,12581,10331
전라북도,25세,22162,11955,10207
전라북도,26세,20432,10912,9520
전라북도,27세,18414,9952,8462
전라북도,28세,17758,9433,8325
전라북도,29세,17584,9239,8345
전라북도,30세,17205,8925,8280
전라북도,31세,17773,9215,8558
전라북도,32세,18601,9539,9062
전라북도,33세,19326,9964,9362
전라북도,34세,21730,11252,10478
전라북도,35세,24134,12470,11664
전라북도,36세,24408,12626,11782
전라북도,37세,25034,12884,12150
전라북도,38세,24791,12713,12078
전라북도,39세,22955,11922,11033
전라북도,40세,25311,12864,12447
전라북도,41세,24718,12807,11911
전라북도,42세,25683,13215,12468
전라북도,43세,29747,15388,14359
전라북도,44세,30122,15437,14685
전라북도,45세,29968,15772,14196
전라북도,46세,32313,17110,15203
전라북도,47세,30846,16139,14707
전라북도,48세,30556,15973,14583
전라북도,49세,32034,16663,15371
전라북도,50세,29407,15107,14300
전라북도,51세,29134,15510,13624
전라북도,52세,29692,15327,14365
전라북도,53세,28462,14788,13674
전라북도,54세,27465,14219,13246
전라북도,55세,30697,15843,14854
전라북도,56세,32292,16326,15966
전라북도,57세,34934,17374,17560
전라북도,58세,30987,15469,15518
전라북도,59세,27150,13529,13621
전라북도,60세,28308,14388,13920
전라북도,61세,25465,12781,12684
전라북도,62세,27581,13650,13931
전라북도,63세,24281,11920,12361
전라북도,64세,19500,9612,9888
전라북도,65세,21554,10493,11061
전라북도,66세,18605,9077,9528
전라북도,67세,21299,10258,11041
전라북도,68세,19594,9180,10414
전라북도,69세,18729,8865,9864
전라북도,70세,21108,10031,11077
전라북도,71세,16631,7846,8785
전라북도,72세,13757,6215,7542
전라북도,73세,14359,6236,8123
전라북도,74세,14494,6058,8436
전라북도,75세,21887,8898,12989
전라북도,76세,16436,6696,9740
전라북도,77세,13639,5406,8233
전라북도,78세,15006,5791,9215
전라북도,79세,13673,5225,8448
전라북도,80세,12538,4628,7910
전라북도,81세,11660,4109,7551
전라북도,82세,11375,3903,7472
전라북도,83세,9812,3293,6519
전라북도,84세,8366,2688,5678
전라북도,85세,7106,2142,4964
전라북도,86세,5799,1589,4210
전라북도,87세,4929,1259,3670
전라북도,88세,4184,1172,3012
전라북도,89세,3596,911,2685
전라북도,90세,2985,719,2266
전라북도,91세,1898,457,1441
전라북도,92세,1317,291,1026
전라북도,93세,1041,258,783
전라북도,94세,1091,204,887
전라북도,95세,847,174,673
전라북도,96세,448,90,358
전라북도,97세,371,65,306
전라북도,98세,274,41,233
전라북도,99세,168,26,142
전라북도,100세 이상,706,140,566
전라남도,계,1896424,948290,948134
전라남도,0세,11940,6212,5728
전라남도,1세,13841,7041,6800
전라남도,2세,14808,7636,7172
전라남도,3세,14607,7399,7208
전라남도,4세,15001,7656,7345
전라남도,5세,16813,8523,8290
전라남도,6세,16403,8261,8142
전라남도,7세,16358,8535,7823
전라남도,8세,15436,7867,7569
전라남도,9세,16022,8290,7732
전라남도,10세,17138,8813,8325
전라남도,11세,15596,8004,7592
전라남도,12세,15145,7790,7355
전라남도,13세,16663,8732,7931
전라남도,14세,17365,8997,8368
전라남도,15세,17981,9396,8585
전라남도,16세,20755,10852,9903
전라남도,17세,23965,12549,11416
전라남도,18세,23438,12283,11155
전라남도,19세,23599,12386,11213
전라남도,20세,24616,12950,11666
전라남도,21세,24459,13274,11185
전라남도,22세,24354,13373,10981
전라남도,23세,22721,12528,10193
전라남도,24세,21237,11738,9499
전라남도,25세,20746,11238,9508
전라남도,26세,19094,10352,8742
전라남도,27세,17170,9225,7945
전라남도,28세,16663,8858,7805
전라남도,29세,16352,8808,7544
전라남도,30세,16679,8737,7942
전라남도,31세,17217,9077,8140
전라남도,32세,18241,9497,8744
전라남도,33세,18978,9929,9049
전라남도,34세,21793,11336,10457
전라남도,35세,24247,12857,11390
전라남도,36세,23874,12701,11173
전라남도,37세,24363,12796,11567
전라남도,38세,24723,12845,11878
전라남도,39세,22120,11857,10263
전라남도,40세,24323,12657,11666
전라남도,41세,23694,12860,10834
전라남도,42세,24361,12898,11463
전라남도,43세,27148,14666,12482
전라남도,44세,28607,15280,13327
전라남도,45세,29059,15784,13275
전라남도,46세,30994,16966,14028
전라남도,47세,30611,16539,14072
전라남도,48세,30289,16365,13924
전라남도,49세,32205,17461,14744
전라남도,50세,30436,16393,14043
전라남도,51세,30576,17069,13507
전라남도,52세,31010,16696,14314
전라남도,53세,29918,15912,14006
전라남도,54세,30496,16366,14130
전라남도,55세,31368,16665,14703
전라남도,56세,33342,17158,16184
전라남도,57세,36152,18522,17630
전라남도,58세,33096,16827,16269
전라남도,59세,30138,15644,14494
전라남도,60세,29674,15227,14447
전라남도,61세,25901,13242,12659
전라남도,62세,27818,14048,13770
전라남도,63세,24227,12137,12090
전라남도,64세,20009,9848,10161
전라남도,65세,23880,11660,12220
전라남도,66세,21149,10506,10643
전라남도,67세,21662,10522,11140
전라남도,68세,21877,10678,11199
전라남도,69세,21012,10093,10919
전라남도,70세,23093,10794,12299
전라남도,71세,18138,8402,9736
전라남도,72세,17136,7476,9660
전라남도,73세,17108,7335,9773
전라남도,74세,17266,7104,10162
전라남도,75세,25005,10151,14854
전라남도,76세,20581,8250,12331
전라남도,77세,18848,7168,11680
전라남도,78세,18507,6990,11517
전라남도,79세,17167,6154,11013
전라남도,80세,15572,5413,10159
전라남도,81세,13690,4559,9131
전라남도,82세,12751,4079,8672
전라남도,83세,11333,3489,7844
전라남도,84세,9185,2712,6473
전라남도,85세,8327,2375,5952
전라남도,86세,6673,1755,4918
전라남도,87세,6435,1463,4972
전라남도,88세,5350,1381,3969
전라남도,89세,3834,927,2907
전라남도,90세,2989,664,2325
전라남도,91세,2162,434,1728
전라남도,92세,1736,358,1378
전라남도,93세,1231,261,970
전라남도,94세,1494,224,1270
전라남도,95세,1038,168,870
전라남도,96세,563,88,475
전라남도,97세,449,55,394
전라남도,98세,275,49,226
전라남도,99세,196,29,167
전라남도,100세 이상,739,96,643
경상북도,계,2691706,1353164,1338542
경상북도,0세,17336,8948,8388
경상북도,1세,20532,10560,9972
경상북도,2세,22055,11311,10744
경상북도,3세,21477,11111,10366
경상북도,4세,21676,11259,10417
경상북도,5세,23880,12362,11518
경상북도,6세,22826,11838,10988
경상북도,7세,22302,11529,10773
경상북도,8세,21228,11075,10153
경상북도,9세,22139,11564,10575
경상북도,10세,23258,12029,11229
경상북도,11세,21033,11030,10003
경상북도,12세,20767,10825,9942
경상북도,13세,21938,11638,10300
경상북도,14세,23182,12202,10980
경상북도,15세,23649,12545,11104
경상북도,16세,27371,14453,12918
경상북도,17세,31584,16926,14658
경상북도,18세,30733,16400,14333
경상북도,19세,30881,16446,14435
경상북도,20세,32917,17556,15361
경상북도,21세,33197,18182,15015
경상북도,22세,33635,18824,14811
경상북도,23세,32622,18487,14135
경상북도,24세,31527,17994,13533
경상북도,25세,31360,17614,13746
경상북도,26세,29438,16393,13045
경상북도,27세,27123,15377,11746
경상북도,28세,26883,15132,11751
경상북도,29세,26688,14973,11715
경상북도,30세,27358,14770,12588
경상북도,31세,27721,14975,12746
경상북도,32세,28730,15381,13349
경상북도,33세,29097,15282,13815
경상북도,34세,33031,17258,15773
경상북도,35세,37204,19286,17918
경상북도,36세,38159,19832,18327
경상북도,37세,37736,19804,17932
경상북도,38세,37257,19418,17839
경상북도,39세,32794,17559,15235
경상북도,40세,35716,18479,17237
경상북도,41세,34953,18258,16695
경상북도,42세,37399,19255,18144
경상북도,43세,40362,21080,19282
경상북도,44세,42087,21626,20461
경상북도,45세,42455,22525,19930
경상북도,46세,44102,23355,20747
경상북도,47세,44151,23099,21052
경상북도,48세,45492,23821,21671
경상북도,49세,47537,24674,22863
경상북도,50세,43944,22281,21663
경상북도,51세,42886,23149,19737
경상북도,52세,44665,22778,21887
경상북도,53세,43652,22691,20961
경상북도,54세,42703,22153,20550
경상북도,55세,48431,25151,23280
경상북도,56세,51418,26281,25137
경상북도,57세,50549,25355,25194
경상북도,58세,50258,24892,25366
경상북도,59세,42980,21870,21110
경상북도,60세,44353,22688,21665
경상북도,61세,41751,21042,20709
경상북도,62세,41864,20387,21477
경상북도,63세,36599,18372,18227
경상북도,64세,34394,16772,17622
경상북도,65세,36869,17711,19158
경상북도,66세,28878,14054,14824
경상북도,67세,28240,13740,14500
경상북도,68세,29651,14600,15051
경상북도,69세,29552,14376,15176
경상북도,70세,27894,13348,14546
경상북도,71세,19520,9295,10225
경상북도,72세,18221,8193,10028
경상북도,73세,22179,9424,12755
경상북도,74세,24581,10239,14342
경상북도,75세,29753,12384,17369
경상북도,76세,23268,9395,13873
경상북도,77세,21560,8433,13127
경상북도,78세,23252,8943,14309
경상북도,79세,19886,7371,12515
경상북도,80세,18310,6614,11696
경상북도,81세,17339,6091,11248
경상북도,82세,16255,5482,10773
경상북도,83세,14225,4628,9597
경상북도,84세,11453,3561,7892
경상북도,85세,10536,3163,7373
경상북도,86세,8113,2253,5860
경상북도,87세,6990,1771,5219
경상북도,88세,5676,1464,4212
경상북도,89세,4891,1128,3763
경상북도,90세,4003,928,3075
경상북도,91세,2712,588,2124
경상북도,92세,2251,490,1761
경상북도,93세,1572,344,1228
경상북도,94세,1440,291,1149
경상북도,95세,1066,196,870
경상북도,96세,712,126,586
경상북도,97세,489,82,407
경상북도,98세,314,61,253
경상북도,99세,217,34,183
경상북도,100세 이상,813,181,632
경상남도,계,3380404,1701413,1678991
경상남도,0세,23286,12031,11255
경상남도,1세,27766,14212,13554
경상남도,2세,30553,15706,14847
경상남도,3세,30861,15922,14939
경상남도,4세,30692,15749,14943
경상남도,5세,34149,17601,16548
경상남도,6세,33398,17115,16283
경상남도,7세,33028,17151,15877
경상남도,8세,31045,16078,14967
경상남도,9세,32637,16806,15831
경상남도,10세,34331,17690,16641
경상남도,11세,30362,15799,14563
경상남도,12세,29289,15240,14049
경상남도,13세,31763,16769,14994
경상남도,14세,32793,17342,15451
경상남도,15세,33323,17609,15714
경상남도,16세,37716,19934,17782
경상남도,17세,42955,22748,20207
경상남도,18세,42141,22102,20039
경상남도,19세,42229,22442,19787
경상남도,20세,43625,23470,20155
경상남도,21세,44626,24775,19851
경상남도,22세,43957,24562,19395
경상남도,23세,42392,23715,18677
경상남도,24세,40966,22942,18024
경상남도,25세,39939,22043,17896
경상남도,26세,38353,20877,17476
경상남도,27세,34574,19243,15331
경상남도,28세,34693,18823,15870
경상남도,29세,34143,18320,15823
경상남도,30세,34680,18177,16503
경상남도,31세,35983,19218,16765
경상남도,32세,38324,20231,18093
경상남도,33세,39937,20662,19275
경상남도,34세,45850,23757,22093
경상남도,35세,51508,26561,24947
경상남도,36세,53435,27700,25735
경상남도,37세,54266,28012,26254
경상남도,38세,52846,27263,25583
경상남도,39세,47236,24802,22434
경상남도,40세,49576,25337,24239
경상남도,41세,48388,25053,23335
경상남도,42세,51459,26226,25233
경상남도,43세,55298,28674,26624
경상남도,44세,59075,29980,29095
경상남도,45세,57425,30104,27321
경상남도,46세,61150,31722,29428
경상남도,47세,60822,31393,29429
경상남도,48세,62032,31718,30314
경상남도,49세,61420,31217,30203
경상남도,50세,58584,29333,29251
경상남도,51세,55009,29277,25732
경상남도,52세,56899,28905,27994
경상남도,53세,53116,27207,25909
경상남도,54세,51281,26822,24459
경상남도,55세,60226,30981,29245
경상남도,56세,63112,31628,31484
경상남도,57세,63130,31602,31528
경상남도,58세,56372,28592,27780
경상남도,59세,52123,26701,25422
경상남도,60세,51863,26332,25531
경상남도,61세,47191,23617,23574
경상남도,62세,48604,23802,24802
경상남도,63세,41224,21012,20212
경상남도,64세,34915,17139,17776
경상남도,65세,38940,19148,19792
경상남도,66세,30675,14946,15729
경상남도,67세,29710,14448,15262
경상남도,68세,30606,14788,15818
경상남도,69세,30207,14595,15612
경상남도,70세,28587,13327,15260
경상남도,71세,22810,10702,12108
경상남도,72세,19396,8778,10618
경상남도,73세,22680,9811,12869
경상남도,74세,22603,9389,13214
경상남도,75세,26297,10627,15670
경상남도,76세,23066,9179,13887
경상남도,77세,20999,8025,12974
경상남도,78세,20669,7633,13036
경상남도,79세,18217,6537,11680
경상남도,80세,17027,5961,11066
경상남도,81세,16008,5429,10579
경상남도,82세,14524,4723,9801
경상남도,83세,13000,3887,9113
경상남도,84세,10631,3050,7581
경상남도,85세,9837,2581,7256
경상남도,86세,7865,1931,5934
경상남도,87세,6626,1464,5162
경상남도,88세,5632,1361,4271
경상남도,89세,4368,969,3399
경상남도,90세,3494,731,2763
경상남도,91세,2527,492,2035
경상남도,92세,2050,352,1698
경상남도,93세,1403,277,1126
경상남도,94세,1196,208,988
경상남도,95세,888,161,727
경상남도,96세,512,74,438
경상남도,97세,388,63,325
경상남도,98세,219,49,170
경상남도,99세,150,27,123
경상남도,100세 이상,653,117,536
제주특별자치도,계,657083,330823,326260
제주특별자치도,0세,4939,2564,2375
제주특별자치도,1세,5745,2983,2762
제주특별자치도,2세,6144,3216,2928
제주특별자치도,3세,6287,3185,3102
제주특별자치도,4세,6358,3215,3143
제주특별자치도,5세,7173,3657,3516
제주특별자치도,6세,6971,3613,3358
제주특별자치도,7세,6960,3600,3360
제주특별자치도,8세,6709,3492,3217
제주특별자치도,9세,6824,3493,3331
제주특별자치도,10세,7385,3786,3599
제주특별자치도,11세,6810,3568,3242
제주특별자치도,12세,6472,3433,3039
제주특별자치도,13세,6796,3598,3198
제주특별자치도,14세,7154,3755,3399
제주특별자치도,15세,6988,3764,3224
제주특별자치도,16세,7817,4105,3712
제주특별자치도,17세,8908,4580,4328
제주특별자치도,18세,8304,4337,3967
제주특별자치도,19세,8239,4337,3902
제주특별자치도,20세,8747,4596,4151
제주특별자치도,21세,8777,4647,4130
제주특별자치도,22세,8869,4661,4208
제주특별자치도,23세,8794,4707,4087
제주특별자치도,24세,8539,4475,4064
제주특별자치도,25세,8347,4547,3800
제주특별자치도,26세,7795,4002,3793
제주특별자치도,27세,6818,3676,3142
제주특별자치도,28세,6597,3402,3195
제주특별자치도,29세,6468,3345,3123
제주특별자치도,30세,6629,3412,3217
제주특별자치도,31세,6816,3571,3245
제주특별자치도,32세,7327,3717,3610
제주특별자치도,33세,7704,3900,3804
제주특별자치도,34세,8705,4384,4321
제주특별자치도,35세,10062,5110,4952
제주특별자치도,36세,10240,5220,5020
제주특별자치도,37세,10234,5280,4954
제주특별자치도,38세,10669,5316,5353
제주특별자치도,39세,8926,4602,4324
제주특별자치도,40세,10045,5117,4928
제주특별자치도,41세,9842,5215,4627
제주특별자치도,42세,10284,5306,4978
제주특별자치도,43세,11463,6134,5329
제주특별자치도,44세,11740,6035,5705
제주특별자치도,45세,12132,6330,5802
제주특별자치도,46세,12980,6797,6183
제주특별자치도,47세,12148,6376,5772
제주특별자치도,48세,12009,6355,5654
제주특별자치도,49세,11826,6161,5665
제주특별자치도,50세,10984,5742,5242
제주특별자치도,51세,10957,5950,5007
제주특별자치도,52세,10574,5579,4995
제주특별자치도,53세,10373,5401,4972
제주특별자치도,54세,10823,5626,5197
제주특별자치도,55세,10504,5469,5035
제주특별자치도,56세,10661,5423,5238
제주특별자치도,57세,10745,5547,5198
제주특별자치도,58세,10046,5096,4950
제주특별자치도,59세,9199,4732,4467
제주특별자치도,60세,8916,4522,4394
제주특별자치도,61세,8349,4179,4170
제주특별자치도,62세,8571,4235,4336
제주특별자치도,63세,7038,3529,3509
제주특별자치도,64세,5711,2721,2990
제주특별자치도,65세,6192,3045,3147
제주특별자치도,66세,5138,2531,2607
제주특별자치도,67세,5245,2488,2757
제주특별자치도,68세,5100,2385,2715
제주특별자치도,69세,5582,2749,2833
제주특별자치도,70세,5393,2541,2852
제주특별자치도,71세,4802,2276,2526
제주특별자치도,72세,4191,1969,2222
제주특별자치도,73세,4317,1993,2324
제주특별자치도,74세,4152,1836,2316
제주특별자치도,75세,4454,1960,2494
제주특별자치도,76세,4210,1805,2405
제주특별자치도,77세,3692,1514,2178
제주특별자치도,78세,3700,1468,2232
제주특별자치도,79세,3385,1314,2071
제주특별자치도,80세,3156,1186,1970
제주특별자치도,81세,2760,959,1801
제주특별자치도,82세,2644,927,1717
제주특별자치도,83세,2611,866,1745
제주특별자치도,84세,2394,693,1701
제주특별자치도,85세,1852,484,1368
제주특별자치도,86세,1411,352,1059
제주특별자치도,87세,1276,245,1031
제주특별자치도,88세,1195,238,957
제주특별자치도,89세,801,136,665
제주특별자치도,90세,661,84,577
제주특별자치도,91세,467,76,391
제주특별자치도,92세,360,53,307
제주특별자치도,93세,274,48,226
제주특별자치도,94세,561,47,514
제주특별자치도,95세,353,44,309
제주특별자치도,96세,246,19,227
제주특별자치도,97세,131,21,110
제주특별자치도,98세,100,9,91
제주특별자치도,99세,69,7,62
제주특별자치도,100세 이상,242,27,215
